1 0.5381812075 0.5681551870838881 0.537050806 0.5645421178428762 0.5439462535 0.55942360252996 0.542589772 0.5576170679094541 0.5347900035 0.5625850386151798 0.5333204819999999 0.5607785033288948 0.5325292009999999 0.5615312263648469 0.5333204819999999 0.5643915732356858 0.5274423954999999 0.5680046424766977 0.526782363 0.5689079101198402 0.5283467165 0.5723704347536618 0.535242164 0.5664991970705726 0.5372768865 0.569208999334221 0.5381812075 0.5681551870838881
1 0.5557024269999999 0.5541545426098535 0.5619196335000001 0.5484338495339548 0.561354433 0.5464767696404793 0.5545720255 0.5521974633821571 0.5536677045 0.5503909287616512 0.552198183 0.551444740346205 0.5532155440000001 0.5534018195739014 0.546885297 0.55942360252996 0.5479026579999999 0.5618323155792276 0.5479026579999999 0.5612301371504661 0.553893785 0.5561116218375499 0.5558154670000001 0.5589719687083888 0.5571719485 0.5577676125166445 0.5557024269999999 0.5541545426098535
1 0.5690411615000001 0.5171205798934754 0.5741279675 0.5118515199733689 0.5715280444999999 0.510797707723036 0.5668933995 0.5154645898801598 0.5659890785 0.5139591438082557 0.564745637 0.5150129560585885 0.5654238775 0.5169700352862849 0.5619196335000001 0.5211852829560586 0.5598849115000001 0.5238950852197071 0.5606761925 0.5258521644474035 0.5617175839999999 0.5249488974700399 0.5671194795 0.5184754806924101 0.5685890010000001 0.5211852829560586 0.570058523 0.5201314713715047 0.5690411615000001 0.5171205798934754
1 0.7033102744999999 0.461185086551265 0.6965613995 0.46424766977363513 0.693911841 0.4651797603195739 0.6953615995 0.4669773635153129 0.6960114909999999 0.4666444740346205 0.698311108 0.46571238348868177 0.7004607495 0.4651797603195739 0.7007107079999999 0.4679760319573901 0.7008679685 0.4675099866844208 0.7022604495 0.4647137150466045 0.7084594160000001 0.4618508655126498 0.7085593995 0.46038615179760317 0.7033102744999999 0.461185086551265
1 0.7090593159999999 0.4684420772303595 0.7105590660000001 0.4647137150466045 0.7138085245 0.4629161118508655 0.7156082245000001 0.4614513981358189 0.715558233 0.4607190412782956 0.703767969 0.464647137150466 0.7034602495000001 0.4669773635153129 0.708309441 0.46537949400798934 0.708209458 0.4670439414114514 0.7090593159999999 0.4684420772303595
1 0.694361766 0.4208388814913449 0.694361766 0.41924101198402136 0.700110808 0.41591211717709725 0.700810691 0.4135153129161119 0.6940118245 0.41651131824234355 0.693761866 0.41471371504660454 0.693011991 0.4148468708388815 0.6929619995 0.416844207723036 0.6854904095000001 0.42152292609853526 0.6875129074999999 0.4231691078561918 0.6928120245 0.41984021304926766 0.693311941 0.42170439414114513 0.694361766 0.4208388814913449
1 0.5744080165000001 0.7406125166444741 0.5761077330000001 0.7392809587217044 0.5802570415 0.7391478029294275 0.5799570915000001 0.7376830892143809 0.5773575245 0.7376165113182424 0.5744080165000001 0.7390146471371505 0.570858608 0.7408122503328896 0.5684090159999999 0.7434753661784288 0.5686589745 0.7448735019973368 0.5688179689999999 0.7445406125166445 0.5723583579999999 0.7415446071904127 0.5712085495 0.7446737683089214 0.5726583080000001 0.7438748335552596 0.5744080165000001 0.7406125166444741
1 0.5751578915 0.7364181091877496 0.5758577745 0.7330892143808255 0.5770575745 0.7317576564580559 0.5796071495 0.7302263648468708 0.582556658 0.7288948069241011 0.5823066995 0.7267643142476697 0.5778074495 0.7286284953395473 0.573408183 0.7319573901464714 0.569958758 0.7346205059920107 0.5680590744999999 0.7358189081225034 0.5680590744999999 0.7374833555259654 0.5684090159999999 0.7374833555259654 0.573858108 0.7340878828229027 0.5742080495 0.7345539280958722 0.5741080664999999 0.736884154460719 0.5751578915 0.7364181091877496
1 0.7728236534999999 0.4318470306258322 0.773295347 0.4327544187749667 0.7743435550000001 0.43268461984021306 0.774238734 0.4308000439414114 0.7736622200000001 0.42919466511318244 0.7775405885 0.4226335492676431 0.775548994 0.4236107370173103 0.7724043705 0.4288456691078562 0.7675396515 0.43757055659121175 0.769050106 0.43833834687083884 0.7724043705 0.43177723169107857 0.7728236534999999 0.4318470306258322
1 0.7757586355 0.4083247343541944 0.782309934 0.4053233728362184 0.7821527025 0.403997189747004 0.7808948535 0.4035085958721705 0.7791129 0.40427638615179756 0.7765447910000001 0.40567236817576563 0.773295347 0.4069287523302264 0.7675302045 0.4105583049267643 0.766481997 0.41167509054593876 0.7668582024999999 0.4132804700399467 0.7730857055 0.41006971171770973 0.7743435550000001 0.4112562962716378 0.7751821210000001 0.41041870705725697 0.7757586355 0.4083247343541944
1 0.7651193265 0.38738500399467374 0.7641759395000001 0.3869662097203728 0.759616236 0.39031656657789615 0.757624641 0.39206154394141146 0.754217966 0.3938763202396804 0.7506016489999999 0.39562129760319575 0.7503920075 0.3984132616511318 0.752331192 0.3976454720372836 0.7539035035 0.3962494900133156 0.756366792 0.39478370838881494 0.7574149995 0.3946441105193076 0.7579391034999999 0.39666828428761647 0.758568028 0.39729647603195745 0.758575981 0.3970172796271638 0.7593017734999999 0.39429511517976035 0.760035519 0.3928293335552597 0.764385581 0.38871118708388813 0.7651193265 0.38738500399467374
1 0.709908408 0.3844873501997337 0.7096584495 0.38368841544607185 0.709108541 0.38322237017310257 0.713657783 0.3788948069241012 0.713957733 0.37723035952063916 0.712907908 0.3774300932090546 0.711258183 0.3785619174434088 0.7071088744999999 0.381358189081225 0.706558966 0.38029294274300934 0.705809091 0.37996005326231697 0.7054591495 0.38049267643142476 0.706608958 0.3819573901464714 0.705259183 0.38428761651131826 0.7032095245000001 0.3872170439414115 0.702209691 0.39054593874833554 0.703267969 0.39081225033288947 0.707508808 0.3847536617842876 0.708408658 0.38568575233022634 0.7096584495 0.38508655126498004 0.709908408 0.3844873501997337
1 0.7026076495 0.36750998668442075 0.7022077164999999 0.36631158455392815 0.7076068165 0.3619840213049268 0.7074068495 0.3606524633821572 0.705257208 0.3612516644474035 0.700907933 0.3651131824234354 0.6996581415 0.3646471371504661 0.6993581915 0.36624500665778964 0.696808616 0.3683089214380826 0.694459008 0.37037283621837547 0.6936091495 0.3717709720372836 0.693959091 0.37263648468708394 0.694159058 0.3723035952063915 0.7002580415 0.3681091877496671 0.701057908 0.36904127829560585 0.702257708 0.3683089214380826 0.7026076495 0.36750998668442075
1 0.6748062244999999 0.39074567243675096 0.673706408 0.38928095872170443 0.6781556665 0.3825565912117177 0.6770558495 0.3814247669773635 0.6712068245 0.38834886817576564 0.6697070745 0.3876165113182424 0.668607258 0.3874167776298269 0.6685072745 0.3887483355525965 0.670256983 0.3893475366178428 0.6653577995000001 0.39727030625832227 0.6670075245 0.3978029294274301 0.6722066579999999 0.3912117177097204 0.6734564494999999 0.39207723035952063 0.6745062745 0.3915446071904128 0.6748062244999999 0.39074567243675096
1 0.6507580915 0.4172436750998669 0.653657608 0.41318242343541944 0.6559572245 0.4109853528628495 0.6555072995000001 0.409121171770972 0.6496582744999999 0.41524633821571244 0.648858408 0.4135818908122504 0.6479085659999999 0.4142476697736352 0.6487584245000001 0.41604527296937416 0.6424594745000001 0.4201065246338216 0.643109366 0.42243675099866845 0.6494179689999999 0.4183089214380825 0.6508580745 0.4205059920106525 0.6517079330000001 0.4200399467376831 0.6519078994999999 0.41950732356857523 0.6507580915 0.4172436750998669
1 0.624807333 0.41145139813581894 0.621207933 0.42090545938748336 0.6225577080000001 0.42177097203728364 0.6268069995 0.41344873501997337 0.6295065495 0.41517976031957393 0.6302564245 0.4137816245006658 0.6280567915 0.411185086551265 0.6301064495 0.40359520639147806 0.6272069330000001 0.40605858854860183 0.625867969 0.40985352862849533 0.6240074664999999 0.4079893475366178 0.6235575415 0.40945406125166445 0.624807333 0.41145139813581894
1 0.632006133 0.40226364846870843 0.636955308 0.3981358189081225 0.6382550915 0.39660452729693746 0.6380551245 0.39580559254327563 0.637555208 0.3951398135818908 0.6354055665 0.396271637816245 0.630056458 0.39993342210386157 0.6291066165 0.39960053262316914 0.6287566745000001 0.40039946737683085 0.6290066329999999 0.4015312916111851 0.6229076495 0.40725699067909454 0.6233179685 0.4084553928095872 0.630656358 0.40312916111850866 0.6328559914999999 0.4054593874833555 0.6338558245 0.4045272969374168 0.632006133 0.40226364846870843
1 0.6737407215 0.3779627163781625 0.6806395715 0.3755659121171771 0.6812894629999999 0.374300932090546 0.6727908794999999 0.3750332889480692 0.672590913 0.37396804260985356 0.6717910465 0.37410119840213046 0.6718910294999999 0.375699067909454 0.6672917965 0.38308921438082555 0.6718910294999999 0.3789613848202397 0.6724409379999999 0.3818242343541944 0.6738906965 0.3810918774966711 0.6737407215 0.3779627163781625
1 0.6695121390000001 0.37237017310252996 0.6733115055 0.36351531291611183 0.672661614 0.36251664447403464 0.6677624305000001 0.36950732356857524 0.666812589 0.36944074567243673 0.665912739 0.3678428761651132 0.665462814 0.3681757656458056 0.6665626305 0.37010652463382154 0.660963564 0.3751664447403462 0.660813589 0.37729693741677767 0.6677624305000001 0.3729693741677763 0.6687122725000001 0.3742343541944075 0.6698620805000001 0.37330226364846875 0.6695121390000001 0.37237017310252996
1 0.6779573745 0.3577896138482024 0.6770575245 0.3552596537949401 0.6775574415 0.35286284953395475 0.6811068495 0.3488015978695073 0.682856558 0.34747003994673764 0.6826065995 0.3460719041278295 0.680906883 0.34647137150466045 0.6760076995 0.35146471371504656 0.6754077995 0.34953395472703064 0.6750078665 0.349866844207723 0.6750078665 0.3522636484687084 0.6714584579999999 0.35665778961384825 0.669308816 0.35985352862849534 0.668708916 0.3614513981358189 0.669917969 0.3621837549933422 0.6753078164999999 0.3557922769640479 0.6758577245 0.35732356857523306 0.6775074495 0.3586551264980027 0.6779573745 0.3577896138482024
1 0.6951070995 0.32876165113182426 0.694757158 0.3262316910785619 0.694757158 0.32396804260985357 0.6977066665 0.3210386151797603 0.6993063995 0.3196404793608522 0.6990064495 0.31750998668442076 0.6965068665 0.31864181091877497 0.6938073164999999 0.3217709720372836 0.6923575580000001 0.3237017310252996 0.6886581745 0.3261651131824234 0.687358391 0.32869507323568575 0.6881179685 0.32976031957390145 0.6927574915 0.32576564580559253 0.6936073495 0.32829560585885487 0.6944072165 0.3291611185086551 0.6951070995 0.32876165113182426
1 0.6723108995 0.31877496671105193 0.6712610744999999 0.3159121171770972 0.6732607410000001 0.31304926764314245 0.6746605080000001 0.3121837549933422 0.6772600744999999 0.31131824234354194 0.676710166 0.3095206391478029 0.673860641 0.31045272969374166 0.6711110995 0.3121837549933422 0.669811316 0.31418109187749665 0.669211416 0.3119840213049268 0.6685615245000001 0.3129161118508655 0.6688114829999999 0.31491344873502 0.6674117159999999 0.31724367509986684 0.666061941 0.3189081225033289 0.6652620745000001 0.32050599201065244 0.6646121825 0.32237017310252997 0.664562191 0.3235685752330226 0.665517969 0.3230359520639148 0.6671617575000001 0.32057256990679095 0.669861308 0.3176431424766977 0.671011116 0.3191744340878828 0.6723108995 0.31877496671105193
1 0.653158216 0.33834886817576565 0.6597071244999999 0.33415446071904126 0.659507158 0.3322237017310253 0.651808441 0.33615179760319575 0.6516084745 0.33388814913448733 0.6512085409999999 0.3340878828229028 0.651258533 0.3366844207723036 0.644159716 0.34254327563249004 0.645559483 0.34427430093209055 0.6455679685 0.34394141145139817 0.650908591 0.3394806924101198 0.652158383 0.342676431424767 0.653658133 0.34101198402130495 0.653158216 0.33834886817576565
1 0.6351112245 0.33715046604527293 0.6354111745000001 0.33482023968042607 0.6350112410000001 0.33348868175765645 0.642110058 0.32936085219707056 0.6419600830000001 0.3267643142476698 0.6349612495 0.33062583222370173 0.6349112579999999 0.32902796271637813 0.6336614660000001 0.3291611185086551 0.6336614660000001 0.3314247669773635 0.631111891 0.3320905459387483 0.6296179685 0.3319573901464714 0.630511991 0.33528628495339546 0.6332615325000001 0.3342876165113183 0.634861266 0.33788282290279625 0.6351112245 0.33715046604527293
1 0.6233131909999999 0.33462050599201065 0.6227632824999999 0.3349533954727031 0.622863266 0.3373501997336884 0.6162143744999999 0.34314247669773634 0.6173141910000001 0.34420772303595204 0.6235131575 0.3400133155792277 0.6253128575 0.3428095872170439 0.6253628495 0.3406790945406125 0.6250129074999999 0.33854860186418106 0.6301120575 0.3354194407456724 0.629417969 0.33235685752330224 0.6268625995 0.33362183754993346 0.6242630325 0.33661784287616514 0.6233131909999999 0.33462050599201065
1 0.6364894205 0.3877604966711052 0.635763854 0.3870012649800266 0.637577771 0.3849996531291611 0.6423976075000001 0.38272195672436754 0.6423457815 0.3806513242343542 0.6359711585 0.383481189081225 0.6348828085 0.3848616105193076 0.6336908059999999 0.38320510452729695 0.633172544 0.3835502097203728 0.6341054155000001 0.3852757376830892 0.6326542815 0.3863800745672437 0.630425755 0.3880365812250333 0.6289746215 0.39024525632490015 0.6281972285 0.3917637197070573 0.6288270765 0.3927990366178429 0.63431272 0.38769147536617843 0.63472733 0.38955504527296936 0.6364375945 0.39072840346205057 0.6364894205 0.3877604966711052
1 0.6079778135 0.3913495932090546 0.6125903455 0.38403335752330225 0.6110355595 0.3836192310252996 0.605231025 0.39003819241011983 0.6038317175 0.3891409187749667 0.603417108 0.3898311291611185 0.604764589 0.39086644607190413 0.602121453 0.39549085885486024 0.6011885815000001 0.39783757589880164 0.6010331025000001 0.39928701930758986 0.6020013485 0.3998028149134487 0.6065266800000001 0.39314414181091883 0.6089625115 0.39452456391478025 0.6095326 0.39376533155792276 0.6079778135 0.3913495932090546
1 0.5948139585 0.40784563448735023 0.597975357 0.4033592636484687 0.598027183 0.4025310106524634 0.594917611 0.4028761158455393 0.5929482155 0.4055679387483356 0.5923263009999999 0.4057750019973369 0.591134298 0.40377339014647134 0.5899422955 0.40446360119840213 0.5915489079999999 0.4062581491344874 0.59165256 0.4075695499334221 0.5904087315000001 0.4098472463382157 0.589579512 0.41184885818908124 0.589579512 0.41433361717709716 0.5899941219999999 0.41592110252996 0.590512384 0.4161281657789614 0.5935183035 0.40964018308921435 0.594710306 0.41053745739014647 0.5956950040000001 0.4086048668442077 0.5948139585 0.40784563448735023
1 0.5630405574999999 0.38879581291611187 0.5669793489999999 0.386587137816245 0.5679122205 0.38555182157123835 0.567186654 0.38465454727030624 0.561796729 0.3877604966711052 0.5563549775000001 0.39155665645805593 0.555940368 0.39355826830892143 0.5560440205 0.3934202263648469 0.5587389829999999 0.39155665645805593 0.561071162 0.3901762350199734 0.561071162 0.39286805725699064 0.5630405574999999 0.38879581291611187
1 0.5557848894999999 0.37802852263648473 0.558220721 0.37519865778961387 0.5614339455 0.372989982689747 0.561278467 0.37181662450066577 0.5592054184999999 0.3722307509986685 0.5550074965 0.3756818055925433 0.548529221 0.3815485985352863 0.549416101 0.3827909780292943 0.554178277 0.37885677563249 0.5548001914999999 0.38044426098535283 0.555473932 0.38106545073235687 0.5557848894999999 0.37802852263648473
1 0.6096390855 0.3702981604527297 0.609483607 0.36857263315579225 0.608706214 0.3676753588548602 0.6109865670000001 0.36574276830892144 0.612748658 0.36456940945406124 0.6136815295 0.3628438821571238 0.6114530025 0.36305094540612515 0.6088616925 0.3651215785619174 0.606322209 0.36629493675099867 0.6055448155 0.3648454940079893 0.6048192490000001 0.36539766245006655 0.605803947 0.3668471058588549 0.60507838 0.36884871770972033 0.6037827250000001 0.37071228695073233 0.6021242865 0.37326606724367506 0.60248707 0.37499159454061254 0.606944123 0.36946990745672437 0.6080324735 0.3705742450066578 0.6093281285000001 0.3710573921438083 0.6096390855 0.3702981604527297
1 0.5929510484999999 0.36539766245006655 0.5931583535 0.36381017776298274 0.5931583535 0.36222269241011984 0.5960087945 0.3598069540612516 0.5982891475000001 0.3578053428761651 0.5987555834999999 0.356286878828229 0.598185495 0.35601079427430093 0.595024097 0.35787436351531293 0.5925882655 0.36022108055925434 0.592277308 0.35856457456724367 0.5916553935 0.3590477223701731 0.591499915 0.36070422836218374 0.5890640835000001 0.3628438821571238 0.587405645 0.36470745206391475 0.5861618165 0.36643297936085223 0.585799033 0.36760633754993344 0.5866800785 0.36857263315579225 0.5867319045 0.3682275272969375 0.5897378240000001 0.36525962050599203 0.5915517415 0.3634650719041278 0.592018177 0.36594983155792277 0.5929510484999999 0.36539766245006655
1 0.587025169 0.3468615466045273 0.586595283 0.3461254573901465 0.588437652 0.3430175252996005 0.590341434 0.3395824427430093 0.5891131875 0.3385192030625832 0.5872094059999999 0.3394188675099867 0.585244212 0.342363223701731 0.5832790179999999 0.3459618821571238 0.5811295875 0.34432612849533956 0.5809453505000001 0.34579830625832225 0.5827263075 0.3466979707057257 0.579901341 0.35168701930758994 0.5792258055 0.35602176631158455 0.5808225255 0.3562671291611185 0.5853670365 0.3479247862849534 0.5879463535 0.34931517643142473 0.5884990645 0.348088361517976 0.587025169 0.3468615466045273
1 0.5222895105 0.35953863648468704 0.522043861 0.35839360918774965 0.518236298 0.3586389720372836 0.5157798054999999 0.3596204241011984 0.513568962 0.36052008854860185 0.5121564789999999 0.36109260252996006 0.509024451 0.36158332822902794 0.5063837219999999 0.3624012050599201 0.5051554755000001 0.36395517110519304 0.505462537 0.36550913715046607 0.509577162 0.36411874633821567 0.512524953 0.36321908189081226 0.512893427 0.36493662316910785 0.5138146115 0.3664905892143809 0.514558749 0.36616343874833557 0.5154113315 0.3624829933422104 0.5171922885 0.36150154061251666 0.5210612640000001 0.3603565133155792 0.5222895105 0.35953863648468704
1 0.5118494175 0.33451160652463385 0.51270919 0.33312121637816244 0.5121564789999999 0.33197618908122506 0.5092701005 0.3328758535286285 0.5065065465 0.33483875765645804 0.5057695990000001 0.3344298189081225 0.5049712390000001 0.3359019973368842 0.502821808 0.3374559633821571 0.4999354295 0.33860099067909455 0.4983387095 0.3399913814913449 0.4984001215 0.3412999840213049 0.501102263 0.3409728335552597 0.5034973435 0.33966423035952065 0.5049712390000001 0.3389281418109188 0.5051554755000001 0.3409728335552597 0.506021015 0.3409728335552597 0.506199485 0.3389281418109188 0.5069364325 0.3372923881491345 0.510559759 0.3353294833555259 0.5118494175 0.33451160652463385
1 0.542275747 0.32026893675099866 0.5441130895 0.31880077563249004 0.544480558 0.31768217643142477 0.5437981165 0.3170529640479361 0.5403334135 0.3189406005326232 0.5374986565000001 0.3211777989347537 0.5352938454999999 0.3225061351531292 0.5328790524999999 0.3239742969374168 0.5313041875 0.32516280825565913 0.5300967910000001 0.3267707949400799 0.5305692504999999 0.32788939414114515 0.532406593 0.32746991944074566 0.535871296 0.32558228295605857 0.5370786925 0.32474333355525964 0.537551152 0.32593184553928095 0.538706053 0.32753983155792277 0.538811044 0.326840707057257 0.5390735215 0.325092896138482 0.538811044 0.32418403395472706 0.5393884944999999 0.322366310252996 0.542275747 0.32026893675099866
1 0.552359791 0.3319573901464714 0.552659741 0.3296271637816245 0.553859541 0.3286284953395473 0.5581588245 0.3258988015978695 0.559108666 0.324167776298269 0.5583087995 0.3237017310252996 0.5562091495 0.32496671105193076 0.551959858 0.3276964047936085 0.5505100995000001 0.32829560585885487 0.547460608 0.3294940079893475 0.5447610580000001 0.3324900133155792 0.545061008 0.33362183754993346 0.5508600410000001 0.33082556591211715 0.5513679690000001 0.333422103861518 0.5518598745000001 0.33362183754993346 0.551959858 0.33362183754993346 0.552359791 0.3319573901464714
1 0.5614582745 0.3145139813581891 0.5623581245 0.3152463382157124 0.5639078664999999 0.3154460719041278 0.5637578915 0.31424766977363516 0.562758058 0.31284953395472703 0.5624081165 0.3121171770972037 0.562758058 0.3103861517976032 0.5646577415 0.30832223701731026 0.566807383 0.3057256990679095 0.5669073665 0.3044607190412783 0.5662574745 0.30412782956058587 0.5633079665 0.3066577896138482 0.560158491 0.30978695073235685 0.5589086995 0.31025299600532624 0.558058841 0.31018641810918773 0.557208983 0.3091877496671105 0.556759058 0.3099201065246338 0.557308966 0.311051930758988 0.558508766 0.311185086551265 0.558358791 0.31271637816245007 0.5557092330000001 0.31577896138482026 0.554759391 0.31790945406125165 0.554359458 0.31924101198402133 0.5554092829999999 0.31997336884154465 0.555867969 0.3197736351531292 0.557059008 0.31790945406125165 0.5590086830000001 0.31511318242343545 0.5605584245 0.31311584553928096 0.5614582745 0.3145139813581891